0x79 sell request packet

[SEND] 79 00 00 75 80 00 00 84 96 00 10 00 47 

last byte is slot # to sell


Send pressed!
79 00 00 75 80 00 00 84 96 00 10 00 46
Len: 39
79 0 0 75 80 0 0 84 96 0 10 0 46
Len: 13


79 0 0 75 80 0 0 84 96 0 10 0 46

duskwood heater shield
[SEND] 79 00 00 75 7B 00 00 84 97 00 0C 00 47
Selling last bag:
[SEND] 79 00 00 75 7B 00 00 84 98 00 0C 00 48 
[SEND] 79 00 00 75 7B 00 00 84 98 00 0C 00 49 
[SEND] 79 00 00 75 7B 00 00 84 98 00 0C 00 4A 
[SEND] 79 00 00 75 7B 00 00 84 98 00 0C 00 4B 
[SEND] 79 00 00 75 7B 00 00 84 98 00 0C 00 4C 
[SEND] 79 00 00 75 7B 00 00 84 97 00 0C 00 4D 
[SEND] 79 00 00 75 7B 00 00 84 97 00 0C 00 4E 
[SEND] 79 00 00 75 7B 00 00 84 97 00 0C 00 4F


duskwood heater shield
[SEND] 79 00 00 75 98 00 00 84 7F 00 0C 00 2B 
[SEND] 79 00 00 75 98 00 00 84 7F 00 0C 00 2C 
[SEND] 79 00 00 75 98 00 00 84 7F 00 0C 00 2D 
[SEND] 79 00 00 75 98 00 00 84 7F 00 0C 00 2E 
[SEND] 79 00 00 75 98 00 00 84 7F 00 0C 00 2F 
[SEND] 79 00 00 75 98 00 00 84 7F 00 0C 00 30 
[SEND] 79 00 00 75 98 00 00 84 7F 00 0C 00 31 
[SEND] 79 00 00 75 98 00 00 84 7F 00 0C 00 32 
[SEND] 79 00 00 75 98 00 00 84 7F 00 0C 00 33 
[SEND] 79 00 00 75 98 00 00 84 7F 00 0C 00 34 
[SEND] 79 00 00 75 98 00 00 84 7F 00 0C 00 35 
[SEND] 79 00 00 75 98 00 00 84 7F 00 0C 00 36 
[SEND] 79 00 00 75 98 00 00 84 7F 00 0C 00 37 
[SEND] 79 00 00 75 98 00 00 84 7F 00 0C 00 38 
[SEND] 79 00 00 75 98 00 00 84 7F 00 0C 00 39 
[SEND] 79 00 00 75 98 00 00 84 7F 00 0C 00 3A 
[SEND] 79 00 00 75 98 00 00 84 7F 00 0C 00 3B 
[SEND] 79 00 00 75 98 00 00 84 7F 00 0C 00 3C 
[SEND] 79 00 00 75 98 00 00 84 7F 00 0C 00 3D 
[SEND] 79 00 00 75 98 00 00 84 7F 00 0C 00 3E 
[SEND] 79 00 00 75 98 00 00 84 7F 00 0C 00 3F 
[SEND] 79 00 00 75 98 00 00 84 7F 00 0C 00 40 
[SEND] 79 00 00 75 98 00 00 84 7F 00 0C 00 41 
[SEND] 79 00 00 75 98 00 00 84 7F 00 0C 00 42 
[SEND] 79 00 00 75 98 00 00 84 7F 00 0C 00 43


spool of solid trim
[SEND] 79 00 00 75 7A 00 00 84 B4 00 0C 00 28